3 0.7283653846153846 0.43028846153846156 0.09615384615384616 0.6177884615384616
4 0.9122596153846154 0.43028846153846156 0.0889423076923077 0.5072115384615384
4 0.8317307692307693 0.4735576923076923 0.07451923076923077 0.5769230769230769
6 0.5372596153846154 0.5120192307692307 0.10096153846153846 0.6850961538461539
2 0.6346153846153846 0.5108173076923077 0.09134615384615384 0.6730769230769231
24 0.390625 0.5649038461538461 0.13221153846153846 0.625
9 0.25600961538461536 0.640625 0.10096153846153846 0.625
8 0.15745192307692307 0.6478365384615384 0.11778846153846154 0.6514423076923077
24 0.3954326923076923 0.5649038461538461 0.1346153846153846 0.625
9 0.2548076923076923 0.6274038461538461 0.10817307692307693 0.5985576923076923
