24 0.40024038461538464 0.5420673076923077 0.16826923076923078 0.4735576923076923
8 0.25 0.6069711538461539 0.16826923076923078 0.4735576923076923
9 0.13942307692307693 0.6370192307692307 0.15384615384615385 0.43028846153846156
1 0.9447115384615384 0.38100961538461536 0.11057692307692307 0.3581730769230769
1 0.8521634615384616 0.42427884615384615 0.13701923076923078 0.3894230769230769
5 0.7487980769230769 0.4266826923076923 0.15625 0.4735576923076923
9 0.6430288461538461 0.43990384615384615 0.13942307692307693 0.4831730769230769
8 0.5456730769230769 0.49278846153846156 0.16346153846153846 0.5024038461538461
24 0.39783653846153844 0.5372596153846154 0.18028846153846154 0.46634615384615385
8 0.24278846153846154 0.609375 0.15144230769230768 0.45913461538461536
1 0.9507211538461539 0.36538461538461536 0.0985576923076923 0.3557692307692308
1 0.8617788461538461 0.4098557692307692 0.11778846153846154 0.33653846153846156
5 0.7475961538461539 0.4098557692307692 0.13942307692307693 0.41586538461538464
9 0.6466346153846154 0.42908653846153844 0.1466346153846154 0.43990384615384615
8 0.5480769230769231 0.47836538461538464 0.15144230769230768 0.4831730769230769
