3 0.7295673076923077 0.4338942307692308 0.08653846153846154 0.6153846153846154
4 0.9134615384615384 0.4375 0.07932692307692307 0.5048076923076923
4 0.8317307692307693 0.4795673076923077 0.06490384615384616 0.5769230769230769
6 0.5372596153846154 0.5132211538461539 0.0889423076923077 0.6826923076923077
2 0.6346153846153846 0.5132211538461539 0.07932692307692307 0.6706730769230769
24 0.3894230769230769 0.5625 0.1201923076923077 0.6225961538461539
9 0.2536057692307692 0.6358173076923077 0.0889423076923077 0.6225961538461539
8 0.15504807692307693 0.6418269230769231 0.10576923076923077 0.6490384615384616
24 0.3942307692307692 0.5625 0.12259615384615384 0.6225961538461539
9 0.25240384615384615 0.6225961538461539 0.0985576923076923 0.5961538461538461
