24 0.40384615384615385 0.5492788461538461 0.13701923076923078 0.46875
8 0.25721153846153844 0.625 0.13701923076923078 0.46875
9 0.1502403846153846 0.6622596153846154 0.125 0.4254807692307692
1 0.9411057692307693 0.35096153846153844 0.09615384615384616 0.35336538461538464
1 0.8461538461538461 0.40024038461538464 0.11057692307692307 0.3870192307692308
5 0.7427884615384616 0.40865384615384615 0.125 0.46875
9 0.6382211538461539 0.43028846153846156 0.10576923076923077 0.4807692307692308
8 0.5456730769230769 0.4891826923076923 0.12980769230769232 0.49759615384615385
24 0.40024038461538464 0.5444711538461539 0.14903846153846154 0.45913461538461536
8 0.2512019230769231 0.6262019230769231 0.12259615384615384 0.4543269230769231
1 0.9459134615384616 0.33413461538461536 0.08413461538461539 0.35336538461538464
1 0.8545673076923077 0.38461538461538464 0.09615384615384616 0.33413461538461536
5 0.7403846153846154 0.3918269230769231 0.11298076923076923 0.41346153846153844
9 0.6418269230769231 0.41947115384615385 0.11538461538461539 0.4375
8 0.5456730769230769 0.47475961538461536 0.11778846153846154 0.4807692307692308
