3 0.7379807692307693 0.47475961538461536 0.19230769230769232 0.6201923076923077
4 0.9170673076923077 0.5108173076923077 0.1658653846153846 0.5120192307692307
4 0.8305288461538461 0.5372596153846154 0.16346153846153846 0.5793269230769231
6 0.5348557692307693 0.5192307692307693 0.20673076923076922 0.6875
2 0.6298076923076923 0.5360576923076923 0.19471153846153846 0.6730769230769231
24 0.3798076923076923 0.5420673076923077 0.22596153846153846 0.6346153846153846
9 0.23317307692307693 0.5913461538461539 0.19471153846153846 0.6274038461538461
8 0.13581730769230768 0.5793269230769231 0.21634615384615385 0.6586538461538461
24 0.38461538461538464 0.5432692307692307 0.2283653846153846 0.6346153846153846
9 0.234375 0.578125 0.19951923076923078 0.6033653846153846
