24 0.40625 0.5540865384615384 0.11298076923076923 0.4639423076923077
8 0.2644230769230769 0.6370192307692307 0.11298076923076923 0.4639423076923077
9 0.15865384615384615 0.6802884615384616 0.10336538461538461 0.4206730769230769
1 0.9326923076923077 0.328125 0.07692307692307693 0.35096153846153844
1 0.8401442307692307 0.38221153846153844 0.09134615384615384 0.38221153846153844
5 0.7379807692307693 0.39663461538461536 0.10096153846153846 0.4639423076923077
9 0.6346153846153846 0.4230769230769231 0.08173076923076923 0.47596153846153844
8 0.5444711538461539 0.48677884615384615 0.10336538461538461 0.49278846153846156
24 0.4026442307692308 0.5492788461538461 0.125 0.4543269230769231
8 0.25841346153846156 0.6394230769230769 0.0985576923076923 0.4495192307692308
1 0.9362980769230769 0.3112980769230769 0.06490384615384616 0.35096153846153844
1 0.8485576923076923 0.36658653846153844 0.07932692307692307 0.3293269230769231
5 0.734375 0.3798076923076923 0.09134615384615384 0.40865384615384615
9 0.6370192307692307 0.41225961538461536 0.09375 0.4326923076923077
8 0.5444711538461539 0.4723557692307692 0.09375 0.47596153846153844
