4 0.12980769230769232 0.44350961538461536 0.125 0.3076923076923077
6 0.2127403846153846 0.453125 0.10336538461538461 0.2668269230769231
4 0.4891826923076923 0.5384615384615384 0.10096153846153846 0.31009615384615385
14 0.35336538461538464 0.5540865384615384 0.15865384615384615 0.19230769230769232
8 0.5853365384615384 0.5504807692307693 0.13942307692307693 0.30528846153846156
3 0.6838942307692307 0.5661057692307693 0.09615384615384616 0.28125
2 0.8100961538461539 0.6262019230769231 0.09615384615384616 0.25
2 0.90625 0.6610576923076923 0.10576923076923077 0.28365384615384615
4 0.12860576923076922 0.43509615384615385 0.12259615384615384 0.3389423076923077
6 0.22235576923076922 0.4543269230769231 0.13942307692307693 0.3245192307692308
4 0.49399038461538464 0.5132211538461539 0.11538461538461539 0.3317307692307692
14 0.36899038461538464 0.5576923076923077 0.18990384615384615 0.20673076923076922
8 0.5853365384615384 0.546875 0.12740384615384615 0.3557692307692308
14 0.36538461538461536 0.578125 0.18990384615384615 0.21153846153846154
3 0.6935096153846154 0.5733173076923077 0.1346153846153846 0.34615384615384615
2 0.8125 0.6286057692307693 0.12259615384615384 0.31490384615384615
2 0.9098557692307693 0.6610576923076923 0.11778846153846154 0.32211538461538464
