2 0.5360576923076923 0.5060096153846154 0.18269230769230768 0.5961538461538461
7 0.6177884615384616 0.5276442307692307 0.16346153846153846 0.5769230769230769
25 0.40024038461538464 0.5 0.24519230769230768 0.6658653846153846
6 0.1778846153846154 0.4651442307692308 0.17548076923076922 0.5625
5 0.27524038461538464 0.4963942307692308 0.18028846153846154 0.5961538461538461
2 0.703125 0.5805288461538461 0.18028846153846154 0.5625
1 0.875 0.7115384615384616 0.14903846153846154 0.5432692307692307
1 0.7944711538461539 0.7067307692307693 0.13942307692307693 0.5264423076923077
5 0.2776442307692308 0.4891826923076923 0.1778846153846154 0.6081730769230769
2 0.53125 0.5360576923076923 0.18269230769230768 0.5961538461538461
25 0.40024038461538464 0.5240384615384616 0.25240384615384615 0.6514423076923077
7 0.6189903846153846 0.5588942307692307 0.18269230769230768 0.6105769230769231
2 0.7091346153846154 0.5817307692307693 0.18028846153846154 0.59375
6 0.17668269230769232 0.49759615384615385 0.19230769230769232 0.6274038461538461
1 0.8004807692307693 0.6682692307692307 0.17307692307692307 0.5480769230769231
1 0.8786057692307693 0.7115384615384616 0.16826923076923078 0.5168269230769231
