4 0.13581730769230768 0.4110576923076923 0.0985576923076923 0.3004807692307692
6 0.21754807692307693 0.42788461538461536 0.08173076923076923 0.25961538461538464
4 0.4855769230769231 0.5372596153846154 0.07451923076923077 0.30528846153846156
14 0.34975961538461536 0.5408653846153846 0.14423076923076922 0.18028846153846154
8 0.5805288461538461 0.5576923076923077 0.11298076923076923 0.2956730769230769
3 0.6778846153846154 0.5817307692307693 0.07211538461538461 0.2764423076923077
2 0.7980769230769231 0.6526442307692307 0.07451923076923077 0.24519230769230768
2 0.890625 0.6959134615384616 0.08173076923076923 0.2764423076923077
4 0.13581730769230768 0.4026442307692308 0.09375 0.3317307692307692
6 0.22716346153846154 0.43028846153846156 0.11298076923076923 0.31490384615384615
4 0.49278846153846156 0.5132211538461539 0.08653846153846154 0.3245192307692308
14 0.3641826923076923 0.5456730769230769 0.17307692307692307 0.19230769230769232
8 0.5805288461538461 0.5540865384615384 0.0985576923076923 0.3485576923076923
14 0.359375 0.5661057692307693 0.17307692307692307 0.1971153846153846
3 0.6862980769230769 0.5901442307692307 0.10576923076923077 0.3389423076923077
2 0.8004807692307693 0.6550480769230769 0.09615384615384616 0.3076923076923077
2 0.8942307692307693 0.6959134615384616 0.09134615384615384 0.31490384615384615
