2 0.5360576923076923 0.5 0.09134615384615384 0.5889423076923077
7 0.6201923076923077 0.5084134615384616 0.07451923076923077 0.5721153846153846
25 0.4014423076923077 0.515625 0.14423076923076922 0.6514423076923077
6 0.17668269230769232 0.515625 0.0889423076923077 0.5552884615384616
5 0.2776442307692308 0.53125 0.0889423076923077 0.5889423076923077
2 0.7127403846153846 0.5480769230769231 0.09375 0.5552884615384616
1 0.9038461538461539 0.6502403846153846 0.06490384615384616 0.5408653846153846
1 0.8233173076923077 0.6586538461538461 0.057692307692307696 0.5240384615384616
5 0.27884615384615385 0.5240384615384616 0.08413461538461539 0.6033653846153846
2 0.5360576923076923 0.53125 0.09134615384615384 0.5889423076923077
25 0.4050480769230769 0.5396634615384616 0.15384615384615385 0.6346153846153846
7 0.6262019230769231 0.5396634615384616 0.0889423076923077 0.6033653846153846
2 0.71875 0.5480769230769231 0.0889423076923077 0.5865384615384616
6 0.18028846153846154 0.5480769230769231 0.09615384615384616 0.6201923076923077
1 0.8233173076923077 0.6189903846153846 0.0889423076923077 0.5408653846153846
1 0.9074519230769231 0.6502403846153846 0.0889423076923077 0.5096153846153846
