4 0.13701923076923078 0.4050480769230769 0.10336538461538461 0.30288461538461536
6 0.21875 0.4230769230769231 0.08653846153846154 0.2620192307692308
4 0.484375 0.5372596153846154 0.07932692307692307 0.3076923076923077
14 0.3485576923076923 0.5384615384615384 0.1466346153846154 0.18269230769230768
8 0.5793269230769231 0.5588942307692307 0.11778846153846154 0.2980769230769231
3 0.6766826923076923 0.5853365384615384 0.07692307692307693 0.27884615384615385
2 0.7956730769230769 0.6574519230769231 0.07932692307692307 0.24759615384615385
2 0.8870192307692307 0.703125 0.08653846153846154 0.27884615384615385
4 0.13701923076923078 0.39663461538461536 0.0985576923076923 0.33413461538461536
6 0.2283653846153846 0.4254807692307692 0.11778846153846154 0.3173076923076923
4 0.49278846153846156 0.5132211538461539 0.09134615384615384 0.3269230769230769
14 0.3629807692307692 0.5432692307692307 0.17548076923076922 0.19471153846153846
8 0.5793269230769231 0.5552884615384616 0.10576923076923077 0.35096153846153844
14 0.3581730769230769 0.5637019230769231 0.17548076923076922 0.19951923076923078
3 0.6850961538461539 0.59375 0.11057692307692307 0.34134615384615385
2 0.7980769230769231 0.6598557692307693 0.10096153846153846 0.31009615384615385
2 0.890625 0.703125 0.09615384615384616 0.3173076923076923
